1.062630	
1.265714	
1.345714	
1.618889	
2.472200	
3.310023	
3.346848	
4.422971	
4.567029	
5.234467	
5.436735	
5.460635	
6.156372	
6.745964	
9.715828	
13.151338	
15.541950	
16.101587	
19.508367	
20.308821	
20.575624	
20.912245	
21.309206	
21.553016	
22.167324	
22.514150	
22.709751	
22.964490	
24.112268	
24.511293	
24.959206	
25.109864	
25.713220	
25.909342	
26.172472	
26.364626	
26.555147	
26.673288	
27.107732	
27.312472	
27.561066	
27.709070	
28.310771	
28.911655	
29.107982	
29.563832	
29.749002	
30.166984	
30.512812	
30.764104	
32.112018	
33.109796	
33.461224	
33.574626	
34.384399	
34.709773	
35.013855	
35.992608	
37.162086	
37.312200	
37.910363	
38.164331	
38.386916	
38.579864	
38.750363	
39.987528	
40.367460	
40.511383	
40.569841	
40.781293	
40.945193	
41.110204	
41.566236	
41.920544	
42.555125	
42.708798	
43.130862	
43.563447	
44.135510	
44.310385	
44.767732	
45.140068	
45.538027	
45.908798	
46.176100	
46.512132	
46.912086	
47.152812	
49.109070	
49.712766	
50.454694	
50.556531	
50.710295	
50.965306	
52.310862	
52.911995	
53.910794	
54.168435	
54.511497	
55.510612	
56.512494	
57.109683	
57.527959	
57.907778	
57.959274	
58.337800	
58.709546	
58.923107	
59.108912	
59.311429	
59.538912	
60.311678	
60.509977	
60.737664	
61.109569	
61.909297	
62.308685	
63.509456	
63.939410	
64.308118	
65.110227	
65.320998	
65.508254	
65.942449	
66.354195	
66.711927	
67.150363	
68.310544	
68.709161	
69.148481	
69.545351	
69.908776	
70.750454	
71.509592	
71.754943	
71.778050	
72.111043	
72.512540	
72.721950	
72.929569	
73.110476	
73.380839	
73.711406	
73.957710	
74.359909	
74.710952	
74.967234	
75.311293	
75.378231	
75.567574	
75.668231	
75.766531	
76.148639	
76.309456	
76.556848	
76.912245	
77.153515	
77.372381	
78.183560	
78.345896	
78.590703	
78.792698	
78.882177	
79.183333	
79.358141	
79.514059	
79.765283	
80.111610	
80.373311	
80.565125	
80.767959	
80.862562	
80.977438	
81.109320	
81.390658	
81.580454	
81.712268	
81.764467	
81.997800	
82.074104	
82.383061	
82.710522	
82.789002	
83.311020	
83.538322	
83.990068	
84.309796	
84.638685	
84.913583	
85.171429	
85.910748	
86.776145	
87.945782	
88.113197	
88.353356	
88.511315	
88.744580	
88.966757	
89.190408	
89.364717	
89.563492	
89.713175	
89.962426	
90.174626	
91.172880	
91.554739	
91.711020	
92.166644	
92.310635	
92.785011	
93.180748	
93.753651	
93.909819	
94.353243	
94.934127	
95.339070	
95.510522	
96.000499	
96.322472	
97.109932	
97.508776	
97.712290	
97.945556	
98.109274	
98.935692	
99.316485	
99.509773	
100.308707	
100.707256	
100.912426	
101.311474	
101.376621	
101.533673	
101.910249	
102.173447	
102.709478	
102.776531	
103.509796	
103.908073	
104.107506	
104.362063	
104.945147	
105.110000	
105.342313	
106.710476	
107.109955	
107.186757	
107.580045	
107.713220	
107.773968	
108.309478	
108.398821	
109.139592	
109.909615	
110.344127	
110.512290	
110.727574	
110.912041	
111.146122	
111.510522	
111.526644	
111.931224	
112.111905	
112.319932	
112.718118	
113.110385	
113.486712	
113.879410	
113.923741	
114.111655	
114.300658	
114.483265	
114.711701	
114.913197	
115.132268	
115.312585	
115.493810	
115.930045	
116.136757	
116.310680	
116.346440	
116.658821	
116.912472	
117.311088	
117.517075	
117.716440	
117.910544	
118.121043	
118.337166	
118.511859	
118.678617	
119.154331	
119.360136	
119.508050	
119.580794	
120.511905	
120.971995	
121.112063	
121.711156	
121.937211	
122.157596	
122.709388	
122.969116	
123.312404	
123.570317	
123.960658	
124.059093	
124.548503	
125.437370	
125.762585	
125.909977	
126.512517	
126.739252	
126.911927	
126.963311	
127.138571	
127.748821	
129.938526	
130.354603	
130.545941	
130.710862	
131.311814	
132.760748	
132.966984	
133.138753	
133.178707	
133.354762	
133.431746	
133.561179	
133.738413	
133.911043	
134.184127	
134.526712	
134.707619	
134.955215	
135.047483	
135.178503	
135.509456	
135.789320	
136.113855	
136.710612	
136.931020	
137.111497	
137.319524	
137.415261	
137.714603	
137.909320	
138.233356	
138.612336	
138.711769	
138.948050	
139.107438	
139.312880	
139.543197	
140.308980	
140.767302	
140.913197	
141.109478	
141.910227	
142.308299	
142.768571	
143.044150	
143.310159	
143.510544	
144.109297	
145.110839	
145.739977	
145.929297	
145.959116	
146.243605	
146.341746	
146.529773	
146.709773	
147.161542	
147.509751	
148.309410	
148.911020	
150.511451	
151.510317	
151.940952	
152.111542	
152.960567	
153.712222	
153.935170	
154.329002	
155.711338	
155.807143	
156.911769	
157.529796	
157.909456	
158.352132	
158.912562	
159.327347	
160.109615	
160.715873	
161.918254	
164.338571	
166.513855	
168.112404	
169.711633	
170.335283	
171.551746	
171.946735	
172.137279	
172.355488	
172.528458	
